ABC-123 782 2138 903 4200 0 0 0 980 3905 2045 655 4495
DEF-456 3162 4372 102 487 3279 0 2238 0 4028 2149 2677 259
GHI-789 1200 2565 2071 3819 1192 4550 1602 837 0 0 3542 2963
JKL-012 47 456 333 0 285 0 318 370 0 0 446 1200
MNO-345 805 4202 380 1010 317 1693 532 203 1061 2941 0 779
PQR-678 151 361 3953 0 0 0 0 3044 4592 293 182 490
STU-901 0 1931 359 1281 3888 0 314 305 1117 853 487 279
VXY-234 490 163 253 111 427 1439 3836 0 0 311 338 274
ZAB-567 2127 291 249 221 112 2928 3577 497 0 205 123 308
CDE-890 366 0 0 438 303 0 498 896 2020 3447 0 185
FGH-321 568 383 4211 366 386 0 1015 1982 312 2166 205 1790
IJK-654 448 419 0 0 805 0 2840 1412 399 250 2007 958